1,2026-01-15,1,1,6500.00,6300.00
2,2026-01-15,1,2,5200.00,5000.00
3,2026-01-15,1,3,4800.00,4700.00
4,2026-01-15,2,1,8900.00,8500.00
5,2026-01-15,2,2,9200.00,8500.00
6,2026-01-15,3,1,5100.00,5250.00
7,2026-02-15,1,1,8918.92,5295.82
8,2026-02-15,1,2,5741.26,6341.68
9,2026-02-15,1,3,4781.23,6377.31
10,2026-02-15,2,1,6127.68,5600.70
11,2026-02-15,2,2,7771.28,7369.12
12,2026-02-15,2,3,4253.41,6337.24
13,2026-02-15,3,1,3952.17,6929.79
14,2026-02-15,3,2,5716.62,7805.73
15,2026-02-15,3,3,3312.44,4028.37
16,2026-02-15,4,1,4845.60,4827.45
17,2026-02-15,4,2,5342.63,9997.13
18,2026-02-15,4,3,9182.58,3399.65
19,2026-03-15,1,1,7193.20,9897.00
20,2026-03-15,1,2,6162.45,6617.81
21,2026-03-15,1,3,7267.77,4699.24
22,2026-03-15,2,1,5604.98,8728.98
23,2026-03-15,2,2,8636.14,3263.77
24,2026-03-15,2,3,6432.29,4320.08
25,2026-03-15,3,1,3613.19,7695.87
26,2026-03-15,3,2,3720.14,3643.28
27,2026-03-15,3,3,8286.95,8894.10
28,2026-03-15,4,1,5069.64,4264.79
29,2026-03-15,4,2,9457.50,5150.07
30,2026-03-15,4,3,4536.18,8970.39
31,2026-04-15,1,1,9971.49,4076.78
32,2026-04-15,1,2,8612.49,6157.24
33,2026-04-15,1,3,6047.80,3050.25
34,2026-04-15,2,1,5000.46,8618.19
35,2026-04-15,2,2,8529.11,6509.29
36,2026-04-15,2,3,7810.14,6273.52
37,2026-04-15,3,1,9634.34,4365.18
38,2026-04-15,3,2,5995.25,7568.75
39,2026-04-15,3,3,5906.74,4519.82
40,2026-04-15,4,1,5812.47,8916.74
41,2026-04-15,4,2,7807.24,8388.45
42,2026-04-15,4,3,8242.64,3488.59
43,2026-05-15,1,1,4978.34,8950.90
44,2026-05-15,1,2,5066.01,6159.30
45,2026-05-15,1,3,4272.28,7643.42
46,2026-05-15,2,1,6792.18,5283.59
47,2026-05-15,2,2,5270.63,7101.41
48,2026-05-15,2,3,8995.76,7931.80
49,2026-05-15,3,1,6023.32,5323.66
50,2026-05-15,3,2,5992.00,5589.29
51,2026-05-15,3,3,9919.35,6510.25
52,2026-05-15,4,1,8448.07,9668.69
53,2026-05-15,4,2,8800.58,4030.03
54,2026-05-15,4,3,8532.62,6706.22
55,2026-06-15,1,1,4072.22,8190.68
56,2026-06-15,1,2,8921.33,5661.59
57,2026-06-15,1,3,7248.62,9163.56
58,2026-06-15,2,1,9819.59,5331.68
59,2026-06-15,2,2,7483.82,9795.11
60,2026-06-15,2,3,8026.87,5615.69
61,2026-06-15,3,1,9460.26,3102.39
62,2026-06-15,3,2,5259.38,8206.06
63,2026-06-15,3,3,5139.07,9587.08
64,2026-06-15,4,1,9123.36,3243.95
65,2026-06-15,4,2,3219.31,3762.64
66,2026-06-15,4,3,6487.63,5649.31
